speed: 10.0
work_time: 2.0
dist_matrix:
0.00 8.39 8.83 9.29 3.02 7.18 3.62 4.71 5.37 6.18 9.09 7.87 0.55 8.98 9.38 2.71 8.74 9.45 9.69 3.30 3.29 8.32
8.39 0.00 7.04 1.33 11.41 1.33 5.66 12.79 3.54 7.38 16.41 2.71 8.01 10.02 16.38 10.33 1.13 13.29 13.03 8.18 11.42 0.27
8.83 7.04 0.00 8.32 10.97 7.19 5.45 13.32 8.07 12.15 12.83 4.33 8.28 3.42 12.44 8.83 6.15 7.44 6.94 6.07 10.17 6.77
9.29 1.33 8.32 0.00 12.31 2.14 6.83 13.50 4.09 7.36 17.58 4.00 8.96 11.34 17.59 11.39 2.21 14.61 14.36 9.38 12.42 1.58
3.02 11.41 10.97 12.31 0.00 10.20 6.33 2.56 8.34 8.27 6.92 10.73 3.41 10.26 7.44 2.33 11.72 9.45 9.89 4.91 1.35 11.33
7.18 1.33 7.19 2.14 10.20 0.00 4.75 11.49 2.21 6.19 15.46 3.05 6.83 9.86 15.49 9.25 2.20 12.83 12.64 7.30 10.28 1.38
3.62 5.66 5.45 6.83 6.33 4.75 0.00 8.32 3.97 7.18 10.75 4.42 3.08 6.54 10.75 4.79 5.66 8.52 8.48 2.55 6.01 5.50
4.71 12.79 13.32 13.50 2.56 11.49 8.32 0.00 9.41 8.09 8.42 12.55 5.23 12.79 9.10 4.88 13.28 11.93 12.40 7.33 3.82 12.75
5.37 3.54 8.07 4.09 8.34 2.21 3.97 9.41 0.00 4.28 14.15 4.60 5.12 10.14 14.29 7.75 4.33 12.49 12.42 6.34 8.62 3.58
6.18 7.38 12.15 7.36 8.27 6.19 7.18 8.09 4.28 0.00 15.08 8.88 6.32 13.73 15.46 8.87 8.38 15.27 15.37 8.78 9.15 7.51
9.09 16.41 12.83 17.58 6.92 15.46 10.75 8.42 14.15 15.08 0.00 14.76 9.15 10.28 0.91 6.44 16.31 6.90 7.62 8.23 5.93 16.24
7.87 2.71 4.33 4.00 10.73 3.05 4.42 12.55 4.60 8.88 14.76 0.00 7.38 7.39 14.61 9.18 1.89 10.88 10.56 6.62 10.42 2.44
0.55 8.01 8.28 8.96 3.41 6.83 3.08 5.23 5.12 6.32 9.15 7.38 0.00 8.49 9.39 2.72 8.31 9.12 9.33 2.85 3.50 7.92
8.98 10.02 3.42 11.34 10.26 9.86 6.54 12.79 10.14 13.73 10.28 7.39 8.49 0.00 9.74 7.93 9.27 4.13 3.57 5.69 9.15 9.76
9.38 16.38 12.44 17.59 7.44 15.49 10.75 9.10 14.29 15.46 0.91 14.61 9.39 9.74 0.00 6.68 16.22 6.18 6.91 8.21 6.34 16.21
2.71 10.33 8.83 11.39 2.33 9.25 4.79 4.88 7.75 8.87 6.44 9.18 2.72 7.93 6.68 0.00 10.43 7.34 7.71 2.80 1.34 10.20
8.74 1.13 6.15 2.21 11.72 2.20 5.66 13.28 4.33 8.38 16.31 1.89 8.31 9.27 16.22 10.43 0.00 12.74 12.43 8.09 11.60 0.91
9.45 13.29 7.44 14.61 9.45 12.83 8.52 11.93 12.49 15.27 6.90 10.88 9.12 4.13 6.18 7.34 12.74 0.00 0.73 6.48 8.12 13.05
9.69 13.03 6.94 14.36 9.89 12.64 8.48 12.40 12.42 15.37 7.62 10.56 9.33 3.57 6.91 7.71 12.43 0.73 0.00 6.60 8.58 12.79
3.30 8.18 6.07 9.38 4.91 7.30 2.55 7.33 6.34 8.78 8.23 6.62 2.85 5.69 8.21 2.80 8.09 6.48 6.60 0.00 4.14 8.01
3.29 11.42 10.17 12.42 1.35 10.28 6.01 3.82 8.62 9.15 5.93 10.42 3.50 9.15 6.34 1.34 11.60 8.12 8.58 4.14 0.00 11.31
8.32 0.27 6.77 1.58 11.33 1.38 5.50 12.75 3.58 7.51 16.24 2.44 7.92 9.76 16.21 10.20 0.91 13.05 12.79 8.01 11.31 0.00

